1455.968750 64.577140 -149.201873 0.000000 -118.059082 0.000000
912.031250 -1384.031250 -167.959197 0.000000 -38.858642 0.000000
1071.968750 -1768.031250 -71.968750 0.000000 -138.257446 0.000000
16.031250 -2375.968750 -39.968750 0.000000 45.984672 0.000000
151.998779 -2079.866210 -167.968750 0.000000 176.237182 0.000000
-240.016296 -2391.577392 -167.965637 0.000000 82.776489 0.000000
-896.262939 -2511.968750 -166.946472 0.000000 142.970581 0.000000
248.031250 -1719.968750 -164.043304 0.000000 38.029174 0.000000
704.031250 -1032.031250 -259.547363 0.000000 -26.905517 0.000000
-1279.968750 -1527.968750 -162.373458 0.000000 57.238769 0.000000
-520.029357 -1239.871459 -167.943984 0.000000 100.299682 0.000000
-1727.999877 -760.031250 -167.974136 0.000000 -85.946044 0.000000
-1247.968750 -456.031250 -103.675628 0.000000 -57.436523 0.000000
-1199.968750 -56.000110 -55.968750 0.000000 -58.859252 0.000000
-903.998962 -424.194213 -167.968750 0.000000 0.340576 0.000000
-367.997680 -935.968750 -167.968750 0.000000 39.973754 0.000000
511.968750 -935.968750 -167.968750 0.000000 121.750488 0.000000
511.968750 -168.031250 -167.968750 0.000000 -132.313842 0.000000
655.998535 871.999450 -135.968750 0.000000 -177.022705 0.000000
864.119628 653.457519 -258.692413 0.000000 -28.328247 0.000000
-2255.968750 -2025.968750 -260.313507 0.000000 27.053833 0.000000
-1253.651733 487.744476 -165.292510 0.000000 -87.132568 0.000000
-1809.395263 -389.853851 -167.968750 0.000000 176.237182 0.000000
-2655.968750 471.988464 -161.724105 0.000000 -12.485961 0.000000
-1536.010375 -223.968750 -167.971435 0.000000 104.128417 0.000000
-1536.004882 791.995849 -167.968750 0.000000 -97.267456 0.000000
-2383.968750 791.968750 -161.968750 0.000000 -37.864379 0.000000
-1791.968750 1263.968750 -295.968750 0.000000 -51.729125 0.000000
-1471.968750 664.031250 -79.968750 0.000000 32.849121 0.000000
-1107.478027 359.269134 -79.968750 0.000000 86.704101 0.000000
-1001.754760 479.994812 -367.968750 0.000000 -94.855957 0.000000
-160.031250 352.031250 -79.968750 0.000000 161.389160 0.000000
178.031250 255.914627 -260.604400 0.000000 -5.163574 0.000000
