1379.294677 3563.416992 0.031250 0.000000 -90.428466 0.000000
1647.968750 3439.968750 0.031250 0.000000 -122.700805 0.000000
560.031250 3695.993652 0.031250 0.000000 -65.643310 0.000000
957.317565 2465.480712 -127.968750 0.000000 -93.361816 0.000000
2031.968750 2543.968750 -127.968750 0.000000 -134.708862 0.000000
2159.968750 1808.031250 0.031250 0.000000 117.575683 0.000000
1172.000244 1376.031250 0.031250 0.000000 31.206665 0.000000
656.031250 1200.031250 0.031250 0.000000 32.431640 0.000000
664.030883 2287.968750 0.031250 0.000000 -48.543090 0.000000
852.913940 1686.114013 -223.968750 0.000000 51.245727 0.000000
1647.995117 1391.968750 -223.968750 0.000000 -115.861816 0.000000
1696.031250 800.031250 0.031250 0.000000 29.663085 0.000000
912.031250 1071.968750 0.031250 0.000000 -62.836303 0.000000
144.000457 623.968750 0.031250 0.000000 -76.300048 0.000000
16.013319 -464.031250 0.031250 0.000000 -82.435913 0.000000
345.429595 -855.705444 0.031250 0.000000 -3.037719 0.000000
543.981872 -1616.031250 32.031250 0.000000 -141.860961 0.000000
933.404663 -1707.923828 41.245147 0.000000 104.073486 0.000000
1168.031250 687.968750 0.031250 0.000000 -39.270629 0.000000
1696.010131 336.031250 0.031250 0.000000 12.793579 0.000000
1680.031250 239.968750 -63.968750 0.000000 -68.774414 0.000000
1647.968750 -560.031250 0.031250 0.000000 -139.498901 0.000000
2189.129882 -1807.968750 0.031250 0.000000 54.931640 0.000000
2710.392333 -1349.260620 0.031250 0.000000 24.840087 0.000000
3408.000488 -528.004821 0.031250 0.000000 -8.816528 0.000000
2768.031250 -559.997924 -44.687557 0.000000 28.240356 0.000000
2000.031250 -144.031250 -40.172355 0.000000 -40.495605 0.000000
2192.031250 -776.181701 0.031250 0.000000 52.393798 0.000000
4079.968750 -879.968750 -123.862541 0.000000 113.181152 0.000000
3627.476318 290.921112 -124.332275 0.000000 -109.006347 0.000000
3232.015869 528.031250 -31.968750 0.000000 17.545166 0.000000
2671.968750 687.968750 -31.968750 0.000000 -145.634765 0.000000
2030.484008 784.031250 -31.968750 0.000000 90.016479 0.000000
2543.968750 1168.031250 0.031250 0.000000 140.542602 0.000000
2375.968750 -15.968750 -63.968750 0.000000 88.665161 0.000000
2592.031250 367.968750 -63.968750 0.000000 -36.463623 0.000000
3024.031250 -16.031250 0.031250 0.000000 -72.301025 0.000000
