-495.968750 -495.968750 0.031250 0.000000 53.349609 0.000000
-272.282592 495.968750 0.031250 0.000000 -102.897949 0.000000
-1071.968750 495.968750 -111.968750 0.000000 -49.855957 0.000000
-656.031250 656.031250 -111.968750 0.000000 128.139038 0.000000
-1040.031250 656.031250 -255.987014 0.000000 116.652832 0.000000
-207.968750 351.968750 0.031250 0.000000 -66.132202 0.000000
-175.968750 623.968750 -127.968750 0.000000 -42.764282 0.000000
1135.968750 623.968750 -127.968750 0.000000 -134.241943 0.000000
1263.968750 -495.968750 0.031250 0.000000 138.828735 0.000000
284.536621 912.031250 -111.968750 0.000000 82.397460 0.000000
111.968750 1040.031250 -111.968750 0.000000 110.319213 0.000000
1135.968750 1168.031250 -111.968750 0.000000 147.738647 0.000000
400.031250 1680.031250 0.027156 0.000000 56.661987 0.000000
495.999908 2663.968750 0.031250 0.000000 -148.073730 0.000000
592.031250 2863.968750 120.031250 0.000000 -58.381347 0.000000
912.281127 2499.862060 59.538269 0.000000 1.406250 0.000000
1428.031250 2923.968750 208.031250 0.000000 -61.946411 0.000000
2031.989990 2074.839843 208.031250 0.000000 177.269897 0.000000
1647.968750 2064.000976 208.031250 0.000000 86.978759 0.000000
2159.968750 3055.968750 144.031250 0.000000 -152.627563 0.000000
2415.968750 2192.031250 208.031250 0.000000 147.332153 0.000000
2543.968750 2535.968750 176.031250 0.000000 -142.569580 0.000000
2320.031250 2448.031250 -31.968750 0.000000 57.084960 0.000000
2543.968750 2776.031250 -127.968750 0.000000 122.025146 0.000000
1566.748291 3041.987548 -141.968307 0.000000 -43.533325 0.000000
623.968750 2576.031250 -127.968750 0.000000 148.557128 0.000000
-93.918258 2783.013671 -144.942077 0.000000 -43.731079 0.000000
-656.031250 2543.968750 -127.968750 0.000000 -141.146850 0.000000
-1084.996459 2244.979736 -287.968750 0.000000 -90.856933 0.000000
-1135.968750 2671.968750 0.022551 0.000000 -46.104125 0.000000
-344.068878 2736.031250 12.187126 0.000000 169.546508 0.000000
-572.847045 2064.010986 1.729633 0.000000 80.447387 0.000000
-937.099182 2065.519287 6.141639 0.000000 82.227172 0.000000
-1519.968750 2287.968750 11.732785 0.000000 -56.403808 0.000000
-656.000305 1360.068115 -111.968750 0.000000 179.049682 0.000000
