97.719658 2501.274170 -109.446457 0.000000 -56.211548 0.000000
709.601807 1556.284302 -63.968750 0.000000 59.490967 0.000000
1027.182983 1787.231812 12.031250 0.000000 -20.725708 0.000000
727.776123 1189.665894 3.132721 0.000000 -73.663330 0.000000
1324.240112 195.158279 -191.027161 0.000000 -178.269653 0.000000
1299.347534 110.501564 80.031250 0.000000 47.290649 0.000000
1235.892700 -211.713394 86.404053 0.000000 -106.627808 0.000000
765.368469 -504.705780 38.958099 0.000000 -156.956177 0.000000
-485.942200 -329.081421 5.112366 0.000000 -17.929688 0.000000
-851.075439 -676.768127 137.056000 0.000000 -78.997192 0.000000
-1086.387451 -207.440536 150.285248 0.000000 -103.914185 0.000000
-2147.071777 -742.719788 129.953537 0.000000 52.009277 0.000000
-1349.779785 27.363407 12.179394 0.000000 164.772949 0.000000
-1181.835571 1382.012695 -111.968750 0.000000 7.036743 0.000000
-2260.071289 1244.821777 48.031250 0.000000 -95.213013 0.000000
-2482.367432 2315.258789 -111.968750 0.000000 114.005127 0.000000
-2484.843506 3578.940430 -111.968750 0.000000 46.950073 0.000000
-2168.601074 4184.919922 128.312546 0.000000 -74.278564 0.000000
-1484.917969 3731.477051 64.031250 0.000000 68.247070 0.000000
-1368.388428 2751.580811 5.200562 0.000000 -139.400024 0.000000
-1701.662720 1636.032471 22.954712 0.000000 86.264648 0.000000
-248.724243 3466.319336 -21.626032 0.000000 162.899780 0.000000
280.121918 2832.031250 -53.237446 0.000000 101.002808 0.000000
1073.494751 3031.325684 139.251297 0.000000 -68.274536 0.000000
1839.968750 1638.069824 28.031250 0.000000 165.662842 0.000000
-100.241356 2351.872803 128.031250 0.000000 -95.542603 0.000000
-95.020668 2003.487427 128.031250 0.000000 133.231201 0.000000
-847.600159 2801.172852 206.031250 0.000000 32.827148 0.000000
-1003.377930 4232.784180 33.031250 0.000000 -47.713623 0.000000
-264.635437 4043.719971 33.031250 0.000000 -158.345947 0.000000
-1014.915588 3145.413086 65.031250 0.000000 47.362061 0.000000
419.460236 1770.716553 0.031250 0.000000 -159.581909 0.000000
-619.917908 621.108887 20.489594 0.000000 -35.222168 0.000000
741.244568 227.336624 20.367060 0.000000 -159.719238 0.000000
493.360931 2511.968750 -105.770882 0.000000 -106.402588 0.000000
-291.358093 2681.815918 -21.763540 0.000000 -103.859253 0.000000
363.616119 453.224030 28.045361 0.000000 -112.752686 0.000000
1770.410645 1004.582825 128.031250 0.000000 -148.650513 0.000000
1454.309570 -231.572296 208.031250 0.000000 -98.025513 0.000000
1056.168701 211.967346 8.424427 0.000000 105.776367 0.000000
-265.678009 4161.420898 33.031250 0.000000 -140.531616 0.000000
