-7890.031250 1636.071289 88.806808 0.000000 110.401611 0.000000
-8485.968750 1834.289916 40.031250 0.000000 82.518310 0.000000
-8869.968750 2656.162597 9.020872 0.000000 87.632446 0.000000
-10657.232421 2901.631591 32.031250 0.000000 173.649902 0.000000
-11037.968750 4015.968750 32.031250 0.000000 58.260498 0.000000
-10413.968750 3456.031250 -95.968742 0.000000 120.932006 0.000000
-9438.031250 4443.774414 0.031250 0.000000 -117.344970 0.000000
-10213.968750 4480.031250 34.031250 0.000000 72.257080 0.000000
-10213.807617 4895.968750 34.031250 0.000000 -8.256224 0.000000
-10118.968750 4960.031250 128.031250 0.000000 12.612303 0.000000
-9758.859375 4877.675781 240.031250 0.000000 -80.771484 0.000000
-9007.031250 4431.968750 272.031250 0.000000 -85.940551 0.000000
-7650.956054 4431.968750 272.031250 0.000000 -94.356079 0.000000
-6214.607421 3328.031250 64.031250 0.000000 81.199951 0.000000
-6472.671875 4200.724121 42.492080 0.000000 -143.717651 0.000000
-7751.968750 4255.968750 32.031250 0.000000 -57.914428 0.000000
-8262.031250 4591.968750 32.031250 0.000000 -157.906494 0.000000
-7998.031250 4992.031250 10.031851 0.000000 151.045532 0.000000
-7931.110839 5769.627441 3.969508 0.000000 141.531372 0.000000
-8853.968750 6527.968750 48.031250 0.000000 -84.424438 0.000000
-8200.536132 6446.708007 48.031250 0.000000 -97.645797 0.000000
-8590.031250 3807.968750 0.031250 0.000000 -107.693481 0.000000
-8493.968750 3807.968750 0.031250 0.000000 -40.649414 0.000000
-7750.031250 3328.788574 14.664832 0.000000 120.520019 0.000000
-7126.273925 3328.031250 32.222286 0.000000 93.186035 0.000000
-8812.031250 4192.041992 32.031250 0.000000 80.425415 0.000000
-9262.031250 5727.888671 0.037099 0.000000 -141.026000 0.000000
-8550.031250 5248.031250 32.031250 0.000000 178.049926 0.000000
-8359.310546 4431.999511 272.031250 0.000000 -90.313110 0.000000
-8038.031250 2854.971191 13.119064 0.000000 -149.880981 0.000000