-560.031250 -1112.031250 -383.968750 0.000000 -129.995727 0.000000
-464.031250 -2019.861206 -287.968750 0.000000 150.205078 0.000000
-1583.968750 -1616.026367 -255.968750 0.000000 -23.670043 0.000000
-2029.072875 -1872.031250 -255.968750 0.000000 -6.009521 0.000000
-1119.968750 -2223.968750 -383.968750 0.000000 54.574584 0.000000
-1742.779785 -1487.968750 -250.460388 0.000000 75.558471 0.000000
-1292.031250 559.968750 -35.518344 0.000000 -165.635375 0.000000
-784.520874 342.926330 -34.731899 0.000000 178.286132 0.000000
-1272.039428 943.427612 -47.968750 0.000000 -93.757324 0.000000
-463.968750 528.031250 -271.958435 0.000000 53.942871 0.000000
719.968750 528.031250 -447.968750 0.000000 116.114501 0.000000
111.996231 -89.483345 -159.968750 0.000000 173.139038 0.000000
175.989654 -911.968750 -279.968750 0.000000 99.250488 0.000000
1070.786987 123.166572 -319.968750 0.000000 174.094848 0.000000
400.181365 -621.752746 -319.968750 0.000000 -4.927368 0.000000
1967.968750 -495.968750 -511.968750 0.000000 142.575073 0.000000
2002.270141 1024.233764 -446.371673 0.000000 -93.471679 0.000000
1526.433959 1486.841064 -383.968750 0.000000 -92.285156 0.000000
881.195068 480.031250 -440.532226 0.000000 25.916748 0.000000
807.075256 -559.997680 -511.968750 0.000000 80.798950 0.000000
1211.968750 -1016.013732 -119.971855 0.000000 -121.157226 0.000000
1327.968750 -1839.968750 -359.968750 0.000000 147.958374 0.000000
1519.968750 -1839.968750 -255.968750 0.000000 126.968994 0.000000
1647.968750 -1104.031250 -255.968750 0.000000 -119.965209 0.000000
-719.869323 -926.752136 -143.968750 0.000000 0.444946 0.000000
-1194.521850 -1199.999755 -223.968750 0.000000 81.826171 0.000000
-303.968750 -1168.031250 -333.351715 0.000000 -29.047851 0.000000
479.968750 -1653.672485 -363.771270 0.000000 147.200317 0.000000
