-623.483154 -1968.031250 -23.726640 0.000000 -5.471191 0.000000
143.968750 -2319.998046 -13.652595 0.000000 128.572998 0.000000
-176.002075 -1392.031250 -74.067214 0.000000 178.862915 0.000000
-417.427795 -800.468933 -15.968750 0.000000 -88.033447 0.000000
-528.031250 -1271.968750 -87.968750 0.000000 152.567138 0.000000
-552.031250 -823.968750 88.031250 0.000000 141.080932 0.000000
-1823.686279 -1259.696044 120.031250 0.000000 3.471679 0.000000
-1600.031250 -464.000427 -39.968750 0.000000 -128.193969 0.000000
-2303.997802 -989.667846 -39.968750 0.000000 -3.850708 0.000000
-1983.977661 -1391.968750 -39.968750 0.000000 -0.087890 0.000000
-2166.229736 -126.026321 -35.036926 0.000000 -54.667968 0.000000
-1753.207275 282.569946 -195.499801 0.000000 14.394927 0.000000
-1263.999633 -303.968750 -133.367156 0.000000 32.645874 0.000000
-528.031250 -85.001266 -65.896728 0.000000 -104.166870 0.000000
-1056.031250 -856.031250 -15.430932 0.000000 -114.466552 0.000000
450.294891 -464.006103 -63.672107 0.000000 -97.833251 0.000000
184.042892 -1168.001586 -70.575393 0.000000 75.646362 0.000000
752.002075 -1460.046752 -223.968750 0.000000 -4.339599 0.000000
1359.968750 -1159.968750 -183.968750 0.000000 126.930541 0.000000
1359.968750 320.031250 -255.968750 0.000000 120.827636 0.000000
528.031250 943.968750 -197.373306 0.000000 -36.018676 0.000000
1039.968750 320.031250 -181.975585 0.000000 130.133056 0.000000
512.031250 175.996826 -189.416656 0.000000 -4.108886 0.000000
1391.968750 -815.968750 -62.974189 0.000000 144.228515 0.000000
806.734436 -592.540588 -77.970718 0.000000 -86.868896 0.000000
1007.480346 -1095.802246 -69.115852 0.000000 -177.160034 0.000000
1007.968750 1104.031250 -171.794982 0.000000 113.422851 0.000000
351.968750 1104.031250 -74.736259 0.000000 109.066772 0.000000
415.968750 1776.031250 -83.309097 0.000000 128.507080 0.000000
-16.031250 2239.968750 -127.968750 0.000000 -144.371337 0.000000
-1391.968750 1744.000610 -95.968750 0.000000 13.628540 0.000000
-1359.968750 1239.968750 -207.191680 0.000000 -19.627075 0.000000
-336.031250 1295.968750 -200.639984 0.000000 -142.783813 0.000000
-127.968750 1583.968750 -127.968750 0.000000 -57.249755 0.000000
-414.976898 687.882141 -199.968750 0.000000 -93.284912 0.000000
-219.121582 559.902038 -194.372802 0.000000 -91.109619 0.000000
