5043.335449 505.114197 -17.127321 0.000000 -170.535278 0.000000
5043.335449 505.114197 -17.127321 0.000000 -170.535278 0.000000
4886.987305 194.207687 -22.079107 0.000000 34.799194 0.000000
-1083.595459 506.087830 -1680.636963 0.000000 70.784912 0.000000
5115.468262 -29.003067 -14.386247 0.000000 -14.941406 0.000000
5079.804199 717.466492 -15.952720 0.000000 53.074951 0.000000
-7954.287109 1297.933472 -6260.698730 0.000000 159.466553 0.000000
-13701.353516 2474.124512 -7445.232910 0.000000 171.683350 0.000000
-10905.569336 4557.239258 2117.531250 0.000000 -2.263184 0.000000
5195.933105 -738.945312 458.804932 0.000000 170.496826 0.000000
4644.542480 -744.647400 418.031250 0.000000 81.403198 0.000000
4639.541992 1419.800537 418.031250 0.000000 105.803833 0.000000
4382.573730 9132.020508 -3893.467529 0.000000 -101.019287 0.000000
5229.263672 9159.078125 -3894.743164 0.000000 -72.976685 0.000000
5016.089844 7155.797852 -4051.968750 0.000000 102.101440 0.000000
-9128.242188 7378.950195 -7039.968750 0.000000 164.718018 0.000000
-11862.640625 7621.777832 -6169.968750 0.000000 2.142334 0.000000
4652.846191 1155.339355 256.269684 0.000000 -12.376099 0.000000
4826.308594 -432.893005 263.189026 0.000000 76.316528 0.000000
4954.280762 -6353.041504 -3519.968750 0.000000 -91.483154 0.000000
4866.097168 573.939819 -22.740269 0.000000 134.154053 0.000000
-11681.564453 -3176.819092 -7894.527344 0.000000 -177.703857 0.000000
-14658.792969 -3030.407471 -7023.968750 0.000000 136.746826 0.000000
-15620.777344 8615.191406 1809.031250 0.000000 -2.329102 0.000000
-9064.101562 8606.500977 1693.031250 0.000000 -5.108643 0.000000
1663.991455 8652.938477 -793.968750 0.000000 0.444946 0.000000
4618.158691 316.566895 -30.616064 0.000000 168.200684 0.000000
-6750.248047 76.856033 -7899.968750 0.000000 146.991577 0.000000
-345.455658 4698.950684 -907.968750 0.000000 2.603760 0.000000
4091.733398 8574.268555 -4051.968750 0.000000 75.075073 0.000000
5169.999023 430.031250 50.903046 0.000000 171.908569 0.000000
5154.417480 343.968750 -13.581741 0.000000 -176.759033 0.000000
2530.437744 -5971.221680 1683.226318 0.000000 175.215454 0.000000
-10837.146484 -6283.830078 -1445.946167 0.000000 167.448120 0.000000
5136.730469 381.967438 418.031250 0.000000 -13.738403 0.000000

