928.031250 2576.031250 34.354949 0.000000 34.859619 0.000000
928.031250 3007.968750 18.586694 0.000000 -35.694580 0.000000
407.278411 4095.968750 289.824432 0.000000 -7.959594 0.000000
368.000213 3552.031250 303.846252 0.000000 -1.565551 0.000000
1136.004272 3072.031250 184.031250 0.000000 39.605712 0.000000
1634.935424 4335.968750 193.010620 0.000000 -99.393310 0.000000
2768.031250 4319.968750 184.031250 0.000000 -103.886718 0.000000
3471.968750 4287.968750 184.031250 0.000000 -146.019287 0.000000
3485.865234 3834.965820 46.220176 0.000000 152.446289 0.000000
3568.838867 4107.032714 18.799369 0.000000 -19.517211 0.000000
3792.811523 3440.031250 144.031250 0.000000 6.355590 0.000000
4159.995117 3024.040039 151.126220 0.000000 177.665405 0.000000
3249.544677 2942.654052 144.031250 0.000000 -89.280395 0.000000
4863.968750 2860.860351 150.233474 0.000000 -96.026000 0.000000
3472.981201 3053.474609 161.681777 0.000000 155.681762 0.000000
4594.979980 1606.203247 273.877441 0.000000 -1.142578 0.000000
4527.290039 2030.269897 173.518173 0.000000 179.494628 0.000000
2480.108642 3216.604980 161.311996 0.000000 -1.312866 0.000000
2435.357177 2966.587890 144.031250 0.000000 -127.254638 0.000000
1826.228881 2947.558349 144.031250 0.000000 -15.688476 0.000000
688.004577 3085.309570 232.031250 0.000000 -5.344848 0.000000
1259.285522 2233.730224 5.738990 0.000000 -0.802001 0.000000
1838.289428 2207.803466 10.297866 0.000000 -167.838134 0.000000
1693.777587 1245.704345 23.031250 0.000000 85.314331 0.000000
2319.961425 1671.927490 16.031250 0.000000 179.741821 0.000000
2318.892578 1280.000244 16.031250 0.000000 92.823486 0.000000
2384.087646 1048.379638 176.031250 0.000000 0.780029 0.000000
1788.591674 315.371276 177.889541 0.000000 135.933837 0.000000
1994.304687 750.358032 175.714736 0.000000 179.159545 0.000000
773.226867 1103.317504 179.202041 0.000000 -88.961791 0.000000
358.251983 556.477050 176.031250 0.000000 -1.642456 0.000000
963.777770 361.190338 176.031250 0.000000 41.072387 0.000000
1643.487548 173.563507 147.217147 0.000000 -97.443237 0.000000
2566.799316 3065.244873 167.461791 0.000000 74.646606 0.000000
713.256225 183.844696 156.839920 0.000000 -5.509643 0.000000
3615.968750 3679.762451 154.325439 0.000000 176.292114 0.000000
391.644653 -347.115997 268.031250 0.000000 87.742309 0.000000
3472.688232 3488.031250 177.847137 0.000000 146.782836 0.000000
3470.334716 3897.275878 31.433855 0.000000 168.200683 0.000000
573.338562 -467.370300 150.173538 0.000000 11.579589 0.000000
4255.968750 4033.793457 93.456809 0.000000 -138.867187 0.000000
1946.693359 -513.434143 364.031250 0.000000 175.017700 0.000000
4084.594238 3532.053466 144.031250 0.000000 138.543090 0.000000
2535.613525 -420.745910 166.055816 0.000000 88.033447 0.000000
3102.349365 -19.052759 158.106460 0.000000 -93.790283 0.000000
4114.779296 16.888189 158.744644 0.000000 -89.824218 0.000000
3646.691650 43.271781 164.921905 0.000000 -91.538085 0.000000
3089.595458 -577.085327 152.404922 0.000000 101.200561 0.000000
3571.031250 1519.968750 148.524703 0.000000 -12.167358 0.000000
3877.691650 -466.014282 155.067596 0.000000 170.798950 0.000000
2319.968750 1280.941406 16.031250 0.000000 98.629760 0.000000
2319.216796 1917.001464 16.031250 0.000000 -179.302368 0.000000
1887.857788 1814.212646 23.031250 0.000000 -106.539916 0.000000
1584.031250 1460.523193 23.031250 0.000000 -1.049194 0.000000
2719.968750 656.031250 176.031250 0.000000 -165.135498 0.000000
4511.968750 1600.048828 226.235092 0.000000 174.012451 0.000000
2673.852294 2711.756835 144.031250 0.000000 -82.770996 0.000000
3279.968750 2943.995361 144.031250 0.000000 -72.114257 0.000000
2320.031250 4319.968750 272.031250 0.000000 -26.246337 0.000000
4056.069824 2000.031250 153.571319 0.000000 98.739624 0.000000
3814.751220 2668.248779 150.036026 0.000000 -78.777465 0.000000
1620.467041 3007.968750 232.031250 0.000000 -36.584472 0.000000
4956.378417 -89.748046 146.551757 0.000000 130.814208 0.000000
2924.310546 -579.998413 154.049743 0.000000 88.901367 0.000000
3712.002197 1918.681152 149.615402 0.000000 -4.075927 0.000000
5007.968750 1344.141845 268.545471 0.000000 177.753295 0.000000
2178.259033 -381.368743 236.031250 0.000000 121.261596 0.000000

