4217.308593 -1896.429809 248.031250 0.000000 -179.132080 0.000000
2260.031250 -1656.031250 368.031250 0.000000 -89.923095 0.000000
1686.144531 -2537.179199 368.031250 0.000000 -10.530394 0.000000
2843.968750 -2496.031250 368.031250 0.000000 -86.374511 0.000000
3806.585937 -1508.998168 176.031250 0.000000 -94.281806 0.000000
3483.968750 -1176.031250 176.031250 0.000000 -169.898071 0.000000
2875.559570 -359.644775 120.031250 0.000000 -160.158691 0.000000
2543.293945 -1391.968750 120.031250 0.000000 159.296264 0.000000
1099.487670 -2028.178955 -15.968750 0.000000 92.499389 0.000000
1101.286865 -1750.203369 -15.968750 0.000000 87.550048 0.000000
1736.142822 -2575.968750 184.031250 0.000000 16.435546 0.000000
1022.054260 -1195.358886 -47.968750 0.000000 175.770263 0.000000
416.031250 -854.144958 -21.671539 0.000000 165.921020 0.000000
632.031250 -335.968750 42.328460 0.000000 10.382080 0.000000
453.421478 880.300598 0.031250 0.000000 124.508056 0.000000
288.677673 459.615753 -14.125763 0.000000 -109.094238 0.000000
2023.968750 -8.952120 120.031250 0.000000 -114.263305 0.000000
3503.968750 -39.968750 136.031250 0.000000 94.751586 0.000000
416.031250 -863.968750 298.328460 0.000000 21.687011 0.000000
1032.088378 -960.016479 192.031250 0.000000 -34.788208 0.000000
-351.968750 -1328.031250 300.312133 0.000000 -29.926757 0.000000
607.984069 -223.968750 192.031250 0.000000 -165.146484 0.000000
2376.372070 -2260.148681 336.031250 0.000000 83.501586 0.000000
2607.968750 -1955.968750 410.328460 0.000000 -158.282669 0.000000
1328.383544 -332.031250 352.031250 0.000000 -88.736572 0.000000
751.968750 -1071.968750 -5.971611 0.000000 147.843017 0.000000
-416.001953 -1231.968750 106.328460 0.000000 155.538940 0.000000
-479.968750 -400.031250 42.328460 0.000000 22.109985 0.000000
3392.341308 -2629.968750 354.187561 0.000000 79.118041 0.000000
1964.031250 -2415.968750 200.031250 0.000000 59.512939 0.000000