22.349893 1450.785766 96.031250 0.000000 -40.693359 0.000000
511.968750 -992.031250 186.022445 0.000000 -129.512329 0.000000
-239.968750 -2192.031250 192.039016 0.000000 -24.378662 0.000000
-541.117980 -2697.589111 193.128997 0.000000 76.201171 0.000000
-1067.749633 -2628.791259 198.569183 0.000000 -6.558837 0.000000
-1263.968750 -1807.968750 198.027587 0.000000 47.691650 0.000000
-560.284057 -1433.051879 216.031250 0.000000 177.973022 0.000000
371.836425 -481.841278 238.410247 0.000000 1.917114 0.000000
-832.029174 -532.031250 192.031250 0.000000 -91.137084 0.000000
-184.031250 -1416.002807 40.031250 0.000000 -151.567382 0.000000
-16.031250 -848.000244 25.436042 0.000000 -132.951049 0.000000
-751.968750 -590.235046 0.031250 0.000000 -7.778320 0.000000
207.968750 176.031250 192.031250 0.000000 150.056762 0.000000
-747.700805 224.031250 3.823679 0.000000 11.024780 0.000000
-99.968750 626.429931 3.035383 0.000000 -38.143989 0.000000
1391.968750 -191.987869 7.042890 0.000000 149.859008 0.000000
695.665100 -175.968750 6.657276 0.000000 82.897338 0.000000
1167.968750 -1519.507080 60.031250 0.000000 -169.189453 0.000000
208.001617 -1808.031250 196.531433 0.000000 -76.289062 0.000000
208.031250 -3087.968750 244.031250 0.000000 52.207031 0.000000
1637.927734 -2933.229492 240.041625 0.000000 144.673461 0.000000
1647.992553 -1776.001098 192.416122 0.000000 -140.476684 0.000000
2015.444213 -1136.014648 192.031250 0.000000 -93.949584 0.000000
2383.968750 -2211.968750 168.031250 0.000000 136.554565 0.000000
2607.996826 -1634.562744 192.031250 0.000000 172.985229 0.000000
2607.968750 -816.031250 192.031250 0.000000 -163.053588 0.000000
1899.460083 -465.943328 232.031250 0.000000 178.923339 0.000000
1893.360595 450.228149 192.525299 0.000000 -91.576538 0.000000
1456.031250 -159.968750 192.031250 0.000000 29.999080 0.000000
1462.649658 1378.891113 96.031250 0.000000 -123.656616 0.000000
511.968750 -992.031250 186.022445 0.000000 -129.512329 0.000000
-239.968750 -2192.031250 192.039016 0.000000 -39.512329 0.000000
-541.117980 -2697.589111 193.128997 0.000000 50.487670 0.000000
-1067.749633 -2628.791259 198.569183 0.000000 50.487670 0.000000
-1263.968750 -1807.968750 198.027587 0.000000 50.487670 0.000000
-560.284057 -1433.051879 216.031250 0.000000 137.691650 0.000000
371.836425 -481.841278 238.410247 0.000000 47.691650 0.000000
-832.029174 -532.031250 192.031250 0.000000 -42.308349 0.000000
-184.031250 -1416.002807 40.031250 0.000000 -132.308349 0.000000
-16.031250 -848.000244 25.436042 0.000000 -132.308349 0.000000
-751.968750 -590.235046 0.031250 0.000000 -42.308349 0.000000

