198.215576 169.917953 -39.968750 0.000000 -156.978149 0.000000
-326.894653 -683.773376 0.031250 0.000000 87.550049 0.000000
-325.042023 -801.942749 368.031250 0.000000 171.150513 0.000000
-182.293549 -800.404358 285.210754 0.000000 -90.944824 0.000000
-953.665283 -935.606506 0.031250 0.000000 -133.038940 0.000000
-575.449829 -728.031250 0.031250 0.000000 -81.524048 0.000000
-1022.724670 -941.276978 152.031250 0.000000 152.979126 0.000000
-2121.159668 -1708.968750 0.031250 0.000000 43.428955 0.000000
-2025.309937 -1647.085327 168.031250 0.000000 92.763062 0.000000
-2189.294189 -2433.193359 -255.971832 0.000000 98.256226 0.000000
-3582.784912 -2317.990479 -254.968750 0.000000 76.843872 0.000000
-3495.968750 -1032.031250 -207.968750 0.000000 -15.540161 0.000000
-3495.968750 -1247.968750 -87.968750 0.000000 -23.214111 0.000000
-3204.031250 -136.517029 -255.968750 0.000000 -103.227539 0.000000
-3004.597900 933.138062 -86.570251 0.000000 -3.510132 0.000000
-2959.989502 421.059204 -255.968750 0.000000 4.597778 0.000000
-2256.588867 625.182190 -255.968750 0.000000 -176.363525 0.000000
-2528.767822 1232.968750 -86.968750 0.000000 -65.874023 0.000000
-2326.968750 1383.404419 -86.187347 0.000000 -34.796242 0.000000
171.813782 613.317200 -143.968750 0.000000 93.845215 0.000000
-36.174854 843.103821 -107.968750 0.000000 -132.984009 0.000000
-521.051086 448.250275 313.369263 0.000000 -124.475098 0.000000
-1884.600830 276.034821 0.031250 0.000000 -121.794434 0.000000
-2126.113525 126.453163 432.031250 0.000000 -31.706543 0.000000
-2093.874512 -222.100754 -255.968750 0.000000 -133.912354 0.000000
-2215.968750 -175.968750 -255.968750 0.000000 47.966309 0.000000
-1176.031250 -632.031250 -255.968750 0.000000 -111.324463 0.000000
-196.968582 -2061.047119 -255.968750 0.000000 136.389771 0.000000
-2588.189209 -1544.715454 -159.968750 0.000000 49.185791 0.000000

