1119.968750 2015.996459 -31.968750 0.000000 -102.667236 0.000000
1736.031250 1887.986083 0.031250 0.000000 -69.603881 0.000000
1936.000610 1424.031250 0.031250 0.000000 63.446044 0.000000
2735.968750 1519.968750 128.031250 0.000000 -145.634765 0.000000
3431.169433 1372.694335 48.031250 0.000000 -90.593261 0.000000
3488.057617 1429.980590 -53.344722 0.000000 -1.889647 0.000000
3488.031250 631.966430 -79.968750 0.000000 -15.946655 0.000000
3136.031250 431.968750 -79.968750 0.000000 -42.478637 0.000000
3439.968750 1055.968750 0.031250 0.000000 -141.712646 0.000000
3045.093261 648.604553 0.031250 0.000000 83.842163 0.000000
2080.031250 656.031250 0.031250 0.000000 25.631103 0.000000
1680.007324 224.016235 48.031250 0.000000 13.985594 0.000000
1631.968750 783.968750 48.031250 0.000000 -140.487670 0.000000
608.031250 767.994873 48.031250 0.000000 -43.071899 0.000000
1087.797607 1160.455932 -31.968750 0.000000 179.708862 0.000000
280.031250 1719.995727 0.031250 0.000000 -49.965820 0.000000
-751.968750 1199.968750 64.031250 0.000000 -61.847534 0.000000
-416.031250 799.968750 128.031250 0.000000 -117.284545 0.000000
-367.968750 559.989013 0.031250 0.000000 -28.976440 0.000000
431.968750 431.968750 24.031250 0.000000 -156.884765 0.000000
96.031250 -224.022064 24.031250 0.000000 45.895385 0.000000
-32.031250 -224.031250 64.031250 0.000000 -133.720092 0.000000
167.998458 -837.283325 48.031250 0.000000 179.747314 0.000000
-830.208923 -1040.031250 -15.968750 0.000000 -3.202513 0.000000
160.031250 -1311.968750 -167.968750 0.000000 29.069824 0.000000
1232.031250 -1703.968750 -39.968750 0.000000 43.522338 0.000000
1504.008300 -416.031250 -39.968750 0.000000 -79.826660 0.000000
695.968750 -855.968750 48.031250 0.000000 158.994140 0.000000
96.031250 -224.031250 24.031250 0.000000 -42.802734 0.000000
656.019409 208.000625 15.367710 0.000000 13.623045 0.000000
2313.150146 171.492874 68.031250 0.000000 -91.906127 0.000000
2479.968750 -399.995880 -79.968750 0.000000 114.406127 0.000000
2983.968750 -464.031250 -39.968750 0.000000 -121.602172 0.000000
2656.031250 -848.031250 -38.347991 0.000000 -41.610717 0.000000
2192.000244 -2447.968750 -39.968750 0.000000 76.228637 0.000000
