-1344.000000 1136.000000 -850.000061 0.000000 -45.000000 0.000000
-1091.390258 1490.658081 -851.968750 0.000000 -43.511352 0.000000
-576.031250 1535.968750 -851.968750 0.000000 -161.542968 0.000000
405.534118 1871.968750 -451.968750 0.000000 -80.996704 0.000000
447.968750 831.968750 -719.968750 0.000000 -134.181518 0.000000
-335.968750 831.968750 -851.968750 0.000000 -58.172607 0.000000
447.968750 -123.968750 -719.968750 0.000000 113.752441 0.000000
-442.031250 -236.031250 -627.968750 0.000000 -152.687988 0.000000
-402.459472 -1167.968750 -419.968750 0.000000 119.580688 0.000000
687.968750 -1135.152587 -851.968750 0.000000 119.196166 0.000000
813.974609 -806.712280 -851.968750 0.000000 38.787231 0.000000
1309.848510 -715.632812 -851.968750 0.000000 119.031372 0.000000
1407.968750 -271.968750 -851.968750 0.000000 154.780883 0.000000
1040.031250 125.364662 -851.968750 0.000000 -3.229979 0.000000
1127.448852 1551.968750 -851.968750 0.000000 -95.597534 0.000000
-1343.968750 943.968750 -851.968750 0.000000 -59.793090 0.000000
-1150.127929 527.968750 -851.968750 0.000000 -77.503051 0.000000
-960.031250 -746.918151 -851.968750 0.000000 176.066894 0.000000
-187.968750 164.031250 -447.782958 0.000000 84.429931 0.000000
187.968750 539.968750 -495.968750 0.000000 -153.901977 0.000000
219.968750 563.945617 -359.968750 0.000000 -135.395507 0.000000
-219.968750 132.031250 -359.968750 0.000000 46.450195 0.000000
9.574021 335.069030 -219.968750 0.000000 95.234985 0.000000
1583.968750 1554.766601 -851.968750 0.000000 -166.876831 0.000000
438.031250 1680.115722 -851.968750 0.000000 -3.416748 0.000000
576.031250 339.651031 -851.968750 0.000000 0.758056 0.000000
-528.031250 12.031250 -739.968750 0.000000 -169.266357 0.000000
-1519.968750 -736.031250 -851.968750 0.000000 -34.238891 0.000000
-438.031250 -976.031250 -851.968750 0.000000 146.046752 0.000000
-576.007568 358.313995 -851.968750 0.000000 -179.357299 0.000000