-7295.231934 -1371.335083 -2427.968750 0.000000 124.288330 0.000000
-8922.678711 -1347.465576 -2427.968750 0.000000 80.535278 0.000000
-8709.091797 308.105713 -2803.968750 0.000000 -37.380981 0.000000
-7389.943848 -1778.848389 -2815.968750 0.000000 145.607300 0.000000
-14745.167969 -539.546509 -3459.968750 0.000000 -6.049519 0.000000
-12858.324219 -553.288574 -3459.968750 0.000000 179.961548 0.000000
-15036.861328 -271.687988 -4071.968750 0.000000 3.213501 0.000000
-12541.082031 -798.456116 -4071.968750 0.000000 -177.440186 0.000000
-10411.092773 -26.985870 -1407.968750 0.000000 13.886719 0.000000
-8488.207031 498.198639 -2815.968750 0.000000 -134.143066 0.000000
-8494.229492 149.951279 -2039.968750 0.000000 -8.415527 0.000000
-10433.409180 -1560.258667 -2761.993164 0.000000 -13.392334 0.000000
-7411.579590 -1221.170898 -2039.968750 0.000000 84.808960 0.000000
-9996.127930 642.492981 -2815.968750 0.000000 -0.538330 0.000000
-12204.635742 -1246.433594 -4735.968750 0.000000 141.866455 0.000000
-15374.563477 145.146881 -4735.968750 0.000000 -37.913818 0.000000
516.870728 -190.311935 44.031250 0.000000 -149.441528 0.000000
-6122.811035 -1190.870361 -2039.968750 0.000000 71.625366 0.000000
594.597351 -896.374817 44.031250 0.000000 177.363281 0.000000
-6693.195801 371.837860 -2427.968750 0.000000 -145.052490 0.000000
723.916626 -588.022522 -159.968750 0.000000 159.746704 0.000000
571.579834 -766.150696 -3239.968750 0.000000 135.862427 0.000000
-1866.279907 -174.777924 -2815.968750 0.000000 177.396240 0.000000
720.939392 -166.767151 190.624054 0.000000 -179.269409 0.000000
-10587.388672 -1384.841431 -1374.033325 0.000000 27.921753 0.000000
-1645.861694 -932.531677 -2815.968750 0.000000 174.671631 0.000000
-10151.228516 -505.480621 -1639.968750 0.000000 8.931885 0.000000
-10636.318359 -534.780579 -1260.906860 0.000000 8.514404 0.000000
-6113.851074 -1398.835205 -2427.968750 0.000000 178.417969 0.000000
-7137.921875 -1052.910156 -2803.968750 0.000000 -140.410767 0.000000
524.695312 -433.985382 40.031250 0.000000 176.281128 0.000000
-8370.630859 39.486034 -2427.968750 0.000000 134.978027 0.000000

