-636.312255 -2159.684082 -237.968750 0.000000 88.293617 0.000000
-1111.758422 -1560.962768 -121.062774 0.000000 -19.306268 0.000000
-1151.968750 -578.156311 -151.968750 0.000000 19.780189 0.000000
-1384.028198 -35.968750 8.031250 0.000000 55.712284 0.000000
-1247.169555 1311.968750 -153.968750 0.000000 -83.314010 0.000000
-184.277221 608.031250 -150.968750 0.000000 55.649433 0.000000
144.031250 348.968750 -151.968750 0.000000 -11.221130 0.000000
144.031250 -91.856086 -151.968750 0.000000 -69.621894 0.000000
503.968750 -795.968750 -151.968750 0.000000 98.061035 0.000000
976.031250 -799.976562 -151.968750 0.000000 96.895401 0.000000
1060.347412 -162.565490 -151.968750 0.000000 136.484664 0.000000
975.272216 411.182769 -151.968750 0.000000 -155.621841 0.000000
913.938659 1003.579284 -100.670822 0.000000 115.316314 0.000000
907.968750 1907.053955 0.031250 0.000000 117.303291 0.000000
562.104797 2146.731689 0.031250 0.000000 24.390464 0.000000
995.968750 2543.968750 128.031250 0.000000 -149.470916 0.000000
495.968750 2384.031250 0.031250 0.000000 -144.444442 0.000000
-44.837348 2262.200195 -94.102592 0.000000 -96.561340 0.000000
-615.999267 2159.968750 8.031250 0.000000 -81.795921 0.000000
-655.968750 1168.582763 -55.968750 0.000000 29.835636 0.000000
-992.391540 1382.703247 0.031250 0.000000 -139.416824 0.000000
-578.979614 552.724487 38.177989 0.000000 127.828727 0.000000
-664.814697 453.608306 8.031250 0.000000 -58.729976 0.000000
-301.769073 -94.427032 -31.968750 0.000000 -105.932388 0.000000
-380.427093 -101.600715 -151.968750 0.000000 -82.997383 0.000000
