-1487.991943 -2001.241943 -327.968750 0.000000 16.760755 0.000000
-626.674560 -1576.031250 -327.968750 0.000000 -85.184150 0.000000
-25.605657 -2144.130615 -335.969146 0.000000 24.474048 0.000000
288.031250 -1312.031250 -279.968750 0.000000 -32.353050 0.000000
744.031250 -1072.031250 -252.500656 0.000000 -60.077610 0.000000
1342.793457 -1310.052856 -261.317687 0.000000 -140.841796 0.000000
1181.968750 -852.475402 -159.968750 0.000000 -172.358062 0.000000
1029.026367 -366.304870 -159.968750 0.000000 -155.696289 0.000000
87.305084 -1118.072509 -223.968750 0.000000 124.574279 0.000000
32.814903 285.968750 -159.968750 0.000000 -65.319053 0.000000
530.031250 386.031250 -159.968750 0.000000 37.694084 0.000000
903.358093 909.946228 -159.968750 0.000000 60.094985 0.000000
1791.968750 592.039916 -159.968750 0.000000 -172.959381 0.000000
1543.250122 100.448257 -159.968750 0.000000 168.871780 0.000000
2298.749755 -172.057617 -159.968750 0.000000 -160.949096 0.000000
1935.968750 -501.330780 -159.968750 0.000000 171.254135 0.000000
1398.724975 -80.031250 -147.327819 0.000000 -163.926956 0.000000
983.582641 72.875602 -159.968750 0.000000 -93.532554 0.000000
-202.654724 250.474884 -159.968750 0.000000 -140.711517 0.000000
-892.054931 -271.979766 -159.968750 0.000000 20.871309 0.000000
-752.753417 793.621398 -159.968750 0.000000 -95.027374 0.000000
-668.116638 511.812286 -367.968750 0.000000 -97.880905 0.000000
-1246.712280 339.031188 -326.932830 0.000000 -82.487075 0.000000
-1425.385986 -790.331665 -283.194091 0.000000 5.582596 0.000000
-851.294372 -1420.528198 -327.968750 0.000000 161.372253 0.000000
