-2792.315917 1091.590698 -312.880584 0.000000 -49.003158 0.000000
-2231.324218 1168.031250 -285.395294 0.000000 -45.233249 0.000000
-1609.914062 968.269409 -220.118347 0.000000 -107.535850 0.000000
-1385.050781 191.053878 -182.071029 0.000000 50.708766 0.000000
-1336.916992 879.968750 -181.960876 0.000000 -32.163990 0.000000
113.122436 874.267639 -191.968750 0.000000 -29.323564 0.000000
275.849792 546.135925 -175.968750 0.000000 138.725814 0.000000
144.031250 424.719390 -113.982498 0.000000 -53.671215 0.000000
1261.256713 54.006271 -224.031661 0.000000 136.631225 0.000000
1745.671386 339.239196 -223.293823 0.000000 -146.531097 0.000000
2142.555908 -541.306274 -168.462173 0.000000 77.020599 0.000000
2505.386718 364.313385 -289.611968 0.000000 -113.412796 0.000000
490.443817 -308.866455 -211.005203 0.000000 -100.113563 0.000000
160.031250 -813.031311 -211.420501 0.000000 152.129516 0.000000
256.112579 -1638.879028 -213.222763 0.000000 90.954437 0.000000
-428.968750 -1647.526367 -222.841583 0.000000 57.986408 0.000000
-1130.121704 -1602.740966 -213.613571 0.000000 33.796035 0.000000
-1767.086669 -1116.183227 -223.789230 0.000000 -19.879802 0.000000
-668.481262 -843.473144 -506.619537 0.000000 64.532585 0.000000
-727.968750 157.125534 -511.606445 0.000000 39.423274 0.000000
-808.091125 798.655700 -495.997009 0.000000 -31.677753 0.000000
698.689147 962.771484 -506.164245 0.000000 -77.492713 0.000000
660.873657 373.077148 -490.620788 0.000000 -3.560285 0.000000
