1706.068603 1808.031250 44.093444 0.000000 163.533294 0.000000
1595.139526 2759.968750 125.682113 0.000000 169.711669 0.000000
751.817993 2735.968750 96.031250 0.000000 179.009567 0.000000
495.968750 1775.968750 0.031250 0.000000 -117.664901 0.000000
-623.968750 599.510742 20.372335 0.000000 -77.780647 0.000000
751.968750 -152.211318 20.455879 0.000000 163.465347 0.000000
555.404724 1081.807861 1.507015 0.000000 -30.040349 0.000000
1726.580566 336.012298 64.031250 0.000000 135.022293 0.000000
1436.710449 346.930694 -150.702636 0.000000 89.195564 0.000000
751.968750 568.697387 0.751341 0.000000 -68.211029 0.000000
348.464904 -829.498962 12.385597 0.000000 164.318557 0.000000
-200.103164 -993.428405 93.071594 0.000000 63.996761 0.000000
-1135.968750 -970.622192 150.420883 0.000000 109.951210 0.000000
-1007.717651 -229.752578 154.634887 0.000000 -140.493057 0.000000
-2055.968750 -189.094467 34.485183 0.000000 -56.653690 0.000000
-1777.902709 983.739196 32.031250 0.000000 109.210784 0.000000
-1118.217651 1274.015869 -111.968750 0.000000 41.195163 0.000000
-2159.968750 1875.208374 12.173843 0.000000 32.297706 0.000000
-1984.031250 3079.207519 32.031250 0.000000 -83.002975 0.000000
-1394.497924 2750.031250 12.336124 0.000000 -146.044448 0.000000
-1072.009643 2640.825927 137.356246 0.000000 -100.412605 0.000000
-580.964782 1768.652587 -113.999237 0.000000 -34.098739 0.000000
