-808.968750 -39.031250 0.031250 0.000000 -65.356643 0.000000
-582.209106 144.804733 0.031250 0.000000 157.199523 0.000000
-1311.968750 572.906005 -63.968750 0.000000 29.258077 0.000000
-1702.530761 1487.968750 -87.871635 0.000000 -23.833791 0.000000
-972.576965 1516.977661 0.031250 0.000000 -70.146194 0.000000
-239.968750 1583.968750 32.031250 0.000000 -39.070526 0.000000
-141.968750 1168.009887 32.031250 0.000000 10.304961 0.000000
-109.968750 1797.031250 32.031250 0.000000 33.212306 0.000000
428.744995 2072.031250 4.608537 0.000000 156.781875 0.000000
1281.196777 2921.453125 -123.283805 0.000000 173.589355 0.000000
1671.983032 2838.000976 -105.457458 0.000000 132.130599 0.000000
1743.968750 3181.411376 -121.114807 0.000000 -178.153533 0.000000
1846.241577 3503.968750 -117.572547 0.000000 -160.508178 0.000000
1179.223266 3120.031250 -121.382392 0.000000 46.077133 0.000000
645.561279 3484.692626 -93.188346 0.000000 176.313415 0.000000
-47.968750 3817.141845 64.321968 0.000000 -66.719062 0.000000
815.968750 3823.402343 48.031250 0.000000 -129.917572 0.000000
448.173095 3605.289794 63.281311 0.000000 -157.458953 0.000000
-406.138824 2869.336669 33.596958 0.000000 29.937433 0.000000
-568.031250 3759.968750 27.333993 0.000000 -132.010955 0.000000
-1135.968750 3727.232421 2.679533 0.000000 -84.179946 0.000000
-1775.968750 3348.005126 7.936235 0.000000 4.256000 0.000000
-1775.968750 3681.304443 0.917541 0.000000 -45.878658 0.000000
-1823.968750 2928.968750 48.031250 0.000000 -53.732456 0.000000
-1970.780029 2736.031250 32.031250 0.000000 20.121269 0.000000
-1728.209472 2237.508056 32.031250 0.000000 -2.131676 0.000000
-1070.025634 2104.304931 0.031250 0.000000 9.721740 0.000000
-298.830383 2084.199462 13.173701 0.000000 -1.012053 0.000000
628.283447 1325.968750 32.031250 0.000000 -83.845619 0.000000
1364.446166 1423.968750 27.712875 0.000000 -57.220535 0.000000
2096.654541 1262.478515 32.031250 0.000000 -149.582336 0.000000
2291.754638 1231.968750 32.031250 0.000000 -121.595939 0.000000
2543.971435 1154.031250 32.031250 0.000000 179.158676 0.000000
2511.968750 878.687316 11.550806 0.000000 -134.057830 0.000000
2575.968750 655.994995 2.907897 0.000000 -173.694458 0.000000
2567.968750 256.031250 10.797333 0.000000 142.296890 0.000000
2192.031250 272.031250 0.717446 0.000000 69.568931 0.000000
2058.988769 405.031250 7.031250 0.000000 120.541374 0.000000
851.031250 872.682495 0.031250 0.000000 -68.398338 0.000000
623.968750 400.031250 7.072532 0.000000 151.015167 0.000000
