2524.202148 2607.968750 145.389053 0.000000 -143.228027 0.000000
1644.993408 2140.007812 160.031250 0.000000 -89.716377 0.000000
2592.040527 1505.277465 160.031250 0.000000 -107.885231 0.000000
2565.425537 1541.790649 160.031250 0.000000 -85.213172 0.000000
2415.968750 1231.960815 166.768569 0.000000 -155.742294 0.000000
1945.518676 620.399536 160.031250 0.000000 -36.466255 0.000000
1796.949829 280.151947 164.031250 0.000000 14.951268 0.000000
2487.968750 273.840393 185.264480 0.000000 -121.550010 0.000000
2661.959472 -25.481140 80.031250 0.000000 -150.138427 0.000000
1843.620239 -169.046051 256.031250 0.000000 -96.070304 0.000000
1006.672729 -508.135070 256.031250 0.000000 53.073524 0.000000
1021.651123 33.473007 256.031250 0.000000 -42.106884 0.000000
1190.905883 354.783416 128.031250 0.000000 -43.557640 0.000000
1331.970214 -88.694992 128.031250 0.000000 47.102478 0.000000
1317.915405 1223.871826 164.871215 0.000000 -22.713975 0.000000
843.968750 727.968750 96.031250 0.000000 -121.665649 0.000000
943.968750 -21.137351 99.477752 0.000000 -155.070037 0.000000
1102.334594 -637.030151 128.031250 0.000000 -174.066879 0.000000
317.449096 -548.169921 96.031250 0.000000 88.386344 0.000000
-378.836853 -607.968750 192.031250 0.000000 78.778022 0.000000
22.090389 366.295043 182.031250 0.000000 -156.385574 0.000000
-432.031250 446.450866 42.031250 0.000000 130.652084 0.000000
-1343.968750 546.965026 -55.968750 0.000000 -75.160507 0.000000
-1788.949707 204.276138 -63.968750 0.000000 -0.704474 0.000000
-1572.607177 877.968750 -55.968750 0.000000 -90.868484 0.000000
-407.711853 886.967163 -31.968751 0.000000 -8.848639 0.000000
139.686981 454.685882 74.476951 0.000000 11.023949 0.000000
-76.940345 1423.625488 106.031250 0.000000 -15.443972 0.000000
879.995422 1888.031250 135.716735 0.000000 161.192520 0.000000
879.968750 2364.364746 144.031250 0.000000 96.495025 0.000000
487.412231 2454.955566 160.031234 0.000000 85.037887 0.000000
-1.968750 2614.750000 160.031234 0.000000 22.752634 0.000000
388.253265 3599.968750 160.040344 0.000000 -66.022842 0.000000
660.452392 3104.368164 160.031250 0.000000 31.733249 0.000000
1321.706787 2640.031250 142.725372 0.000000 61.552032 0.000000
