2774.345703 -582.368225 -351.968750 0.000000 151.360931 0.000000
1928.177978 -838.398193 -351.968750 0.000000 -165.768249 0.000000
1082.345825 -740.021118 -415.968750 0.000000 -79.794281 0.000000
1245.582763 -316.451477 -103.968750 0.000000 -153.307723 0.000000
1041.770874 -799.055053 -103.968750 0.000000 -90.083129 0.000000
1387.194335 -280.031250 -165.972763 0.000000 -62.541984 0.000000
972.725280 -192.893081 -415.968750 0.000000 102.776733 0.000000
313.122009 -210.432769 -415.968750 0.000000 67.676155 0.000000
518.949951 915.592590 -479.968750 0.000000 -65.004089 0.000000
235.694595 -566.243286 -407.559875 0.000000 149.178985 0.000000
-233.433761 -606.821960 -415.968750 0.000000 0.289065 0.000000
205.826171 -694.951171 -415.968750 0.000000 -146.973419 0.000000
205.825393 -1131.093261 -287.968750 0.000000 141.476730 0.000000
-230.872283 -1278.786132 -415.968750 0.000000 -0.757989 0.000000
379.386871 -1455.968750 -415.968750 0.000000 83.908081 0.000000
913.198730 -1446.757080 -415.968750 0.000000 101.628036 0.000000
891.697875 -339.133880 -415.968750 0.000000 -153.805145 0.000000
176.031250 -1135.968750 -383.968750 0.000000 71.708282 0.000000
-304.010955 -296.448883 -415.968750 0.000000 -113.330688 0.000000
-1005.896972 -938.932067 -417.269714 0.000000 -40.026603 0.000000
-1122.192749 -1232.401367 -379.491851 0.000000 177.817199 0.000000
-1697.093017 -916.675598 -402.357696 0.000000 -116.231002 0.000000
-2390.595703 -1249.828491 -415.968750 0.000000 85.664688 0.000000
184.778381 -1072.031250 -171.968750 0.000000 -144.876358 0.000000
88.765464 -1634.926635 -46.853237 0.000000 -29.317770 0.000000
660.519287 -1635.473876 -219.313186 0.000000 -98.930381 0.000000
197.820251 -323.514038 -171.968750 0.000000 -134.457214 0.000000
-138.692642 -1447.281005 -415.968750 0.000000 -106.213500 0.000000
352.535430 -1607.203613 -415.968750 0.000000 -84.767837 0.000000
1463.071044 -2250.735839 -415.968750 0.000000 155.119491 0.000000
1542.031250 -2277.151367 -415.968750 0.000000 45.713188 0.000000
2103.892089 -1756.672607 -415.968750 0.000000 -169.354278 0.000000
2325.976562 -1640.717285 -415.968750 0.000000 149.751327 0.000000
866.787109 54.796985 -639.968750 0.000000 -108.800865 0.000000
943.968750 -492.663482 -767.968750 0.000000 -118.068695 0.000000
376.799682 -1323.779418 -767.968750 0.000000 69.556098 0.000000
1292.781860 -405.740692 -639.968750 0.000000 -128.644348 0.000000
