1987.031127 -1441.900512 -283.968750 0.000000 151.899719 0.000000
1973.191040 -1535.380493 -323.968750 0.000000 -115.789466 0.000000
887.468139 -1615.527832 -351.968750 0.000000 179.257781 0.000000
-499.968750 -1246.805419 -351.968750 0.000000 -6.882288 0.000000
-726.144409 -1775.968750 -119.878128 0.000000 156.113327 0.000000
-928.031250 -1203.809692 -151.968750 0.000000 97.810333 0.000000
-33.317455 -1025.918090 -165.289962 0.000000 0.106584 0.000000
-584.644897 -571.460144 16.031250 0.000000 127.472229 0.000000
-505.084869 -371.968750 -217.968750 0.000000 49.352321 0.000000
-748.031250 248.031250 16.031250 0.000000 138.673004 0.000000
-584.006408 919.348754 40.031250 0.000000 -135.554244 0.000000
-879.000793 1164.701904 -215.968750 0.000000 162.451599 0.000000
-1569.937500 1682.211303 -221.950592 0.000000 -68.323822 0.000000
-1988.415283 1286.643310 -201.944198 0.000000 10.032777 0.000000
-746.547485 1659.689819 -222.337234 0.000000 -23.215801 0.000000
-392.511260 1232.031250 -141.754974 0.000000 73.806083 0.000000
122.542068 1261.967041 -215.968750 0.000000 84.408912 0.000000
841.990539 1768.238647 -215.968750 0.000000 -95.814094 0.000000
964.462036 1752.248168 -247.968750 0.000000 -22.901571 0.000000
1244.031250 838.758483 -215.968750 0.000000 -68.847618 0.000000
1920.249633 556.647460 -215.968750 0.000000 -92.252517 0.000000
1474.073730 134.567031 -215.968750 0.000000 177.478775 0.000000
470.026214 -531.091125 32.031250 0.000000 76.921295 0.000000
262.593414 751.968750 40.031250 0.000000 -88.823280 0.000000
400.031250 -414.601196 -221.968750 0.000000 -59.497505 0.000000
1633.916748 -856.903320 -323.968750 0.000000 -97.017974 0.000000
2026.968750 -554.786132 -215.968750 0.000000 121.009140 0.000000
